[
[1709, 223, 179, 39917],
[1721, 219, 186, 40734],
[1723, 228, 182, 41496],
[1733, 226, 182, 41132],
[1741, 227, 183, 41541],
[1747, 231, 185, 42735],
[1753, 223, 190, 42370],
[1759, 225, 194, 43650],
[1777, 226, 193, 43618],
[1783, 228, 197, 44916],
[1787, 236, 190, 44840],
[1789, 233, 189, 44037],
[1801, 229, 196, 44884],
[1811, 239, 193, 46127],
[1823, 233, 202, 47066],
[1831, 234, 203, 47502],
[1847, 236, 205, 48380],
[1861, 242, 198, 47916],
[1867, 246, 200, 49200],
[1871, 239, 208, 49712],
[1873, 238, 205, 48790],
[1877, 244, 200, 48800],
[1879, 240, 209, 50160],
[1889, 240, 207, 49680],
[1901, 247, 203, 50141],
[1907, 251, 205, 51455],
[1913, 243, 210, 51030],
[1931, 254, 208, 52832],
[1933, 251, 207, 51957],
[1949, 253, 209, 52877],
[1951, 249, 218, 54282],
[1973, 256, 212, 54272],
[1979, 260, 214, 55640],
[1987, 261, 215, 56115],
[1993, 253, 220, 55660],
[1997, 259, 215, 55685],
[1999, 255, 224, 57120],
[2003, 263, 217, 57071],
[2011, 264, 218, 57552],
[2017, 256, 223, 57088],
[2027, 266, 220, 58520],
[2029, 263, 219, 57597],
[2039, 260, 229, 59540],
[2053, 266, 222, 59052],
[2063, 263, 232, 61016],
[2069, 268, 224, 60032],
[2081, 264, 231, 60984],
[2083, 273, 227, 61971],
[2087, 266, 235, 62510],
[2089, 265, 232, 61480],
[2099, 275, 229, 62975],
[2111, 269, 238, 64022],
[2113, 268, 235, 62980],
[2129, 270, 237, 63990],
[2131, 279, 233, 65007],
[2137, 271, 238, 64498],
[2141, 277, 233, 64541],
[2143, 273, 242, 66066],
[2153, 273, 240, 65520],
[2161, 274, 241, 66034],
[2179, 285, 239, 68115],
[2203, 288, 242, 69696],
[2207, 281, 250, 70250],
[2213, 286, 242, 69212],
[2221, 287, 243, 69741],
[2237, 289, 245, 70805],
[2239, 285, 254, 72390],
[2243, 293, 247, 72371],
[2251, 294, 248, 72912],
[2267, 296, 250, 74000],
[2269, 293, 249, 72957],
[2273, 288, 255, 73440],
[2281, 289, 256, 73984],
[2287, 291, 260, 75660],
[2293, 296, 252, 74592],
[2297, 291, 258, 75078],
[2309, 298, 254, 75692],
[2311, 294, 263, 77322],
[2333, 283, 180, 50940],
[2339, 287, 182, 52234],
[2341, 284, 181, 51404],
[2347, 288, 183, 52704],
[2351, 281, 191, 53671],
[2357, 286, 183, 52338],
[2371, 291, 186, 54126],
[2377, 283, 191, 54053],
[2381, 289, 186, 53754],
[2383, 285, 195, 55575],
[2389, 290, 187, 54230],
[2393, 285, 193, 55005],
[2399, 287, 197, 56539],
[2411, 296, 191, 56536],
[2417, 288, 196, 56448],
[2423, 290, 200, 58000],
[2437, 296, 193, 57128],
[2441, 291, 199, 57909],
[2447, 293, 203, 59479],
[2459, 302, 197, 59494],
[2467, 303, 198, 59994],
[2473, 295, 203, 59885],
[2477, 301, 198, 59598],
[2503, 300, 210, 63000],
[2521, 301, 209, 62909],
[2531, 311, 206, 64066],
[2539, 312, 207, 64584],
[2543, 305, 215, 65575],
[2549, 310, 207, 64170],
[2551, 306, 216, 66096],
[2557, 311, 208, 64688],
[2579, 317, 212, 67204],
[2591, 311, 221, 68731],
[2593, 310, 218, 67580],
[2609, 312, 220, 68640],
[2617, 313, 221, 69173],
[2621, 319, 216, 68904],
[2633, 315, 223, 70245],
[2647, 318, 228, 72504],
[2657, 318, 226, 71868],
[2659, 327, 222, 72594],
[2663, 320, 230, 73600],
[2671, 321, 231, 74151],
[2677, 326, 223, 72698],
[2683, 330, 225, 74250],
[2687, 323, 233, 75259],
[2689, 322, 230, 74060],
[2693, 328, 225, 73800],
[2699, 332, 227, 75364],
[2707, 333, 228, 75924],
[2711, 326, 236, 76936],
[2713, 325, 233, 75725],
[2719, 327, 237, 77499],
[2729, 327, 235, 76845],
[2731, 336, 231, 77616],
[2741, 334, 231, 77154],
[2749, 335, 232, 77720],
[2753, 330, 238, 78540],
[2767, 333, 243, 80919],
[2777, 333, 241, 80253],
[2789, 340, 237, 80580],
[2791, 336, 246, 82656],
[2797, 341, 238, 81158],
[2801, 336, 244, 81984],
[2803, 345, 240, 82800],
[2819, 347, 242, 83974],
[2833, 340, 248, 84320],
[2837, 346, 243, 84078],
[2843, 350, 245, 85750],
[2851, 351, 246, 86346],
[2857, 343, 251, 86093],
[2861, 349, 246, 85854],
[2879, 347, 257, 89179],
[2887, 348, 258, 89784],
[2897, 348, 256, 89088],
[2903, 350, 260, 91000],
[2909, 355, 252, 89460],
[2917, 356, 253, 90068],
[2927, 353, 263, 92839],
[2939, 285, 180, 51300],
[2953, 278, 186, 51708],
[2957, 284, 181, 51404],
[2963, 288, 183, 52704],
[2969, 280, 188, 52640],
[2971, 289, 184, 53176],
[2999, 285, 195, 55575],
[3001, 284, 192, 54528],
[3011, 294, 189, 55566],
[3019, 295, 190, 56050],
[3023, 288, 198, 57024],
[3037, 294, 191, 56154],
[3041, 289, 197, 56933],
[3049, 290, 198, 57420],
[3061, 297, 194, 57618],
[3067, 301, 196, 58996],
[3079, 295, 205, 60475],
[3083, 303, 198, 59994],
[3089, 295, 203, 59885],
[3109, 303, 200, 60600],
[3119, 300, 210, 63000],
[3121, 299, 207, 61893],
[3137, 301, 209, 62909],
[3163, 313, 208, 65104],
[3167, 306, 216, 66096],
[3169, 305, 213, 64965],
[3181, 312, 209, 65208],
[3187, 316, 211, 66676],
[3191, 309, 219, 67671],
[3203, 318, 213, 67734],
[3209, 310, 218, 67580],
[3217, 311, 219, 68109],
[3221, 317, 214, 67838],
[3229, 318, 215, 68370],
[3251, 324, 219, 70956],
[3253, 321, 218, 69978],
[3257, 316, 224, 70784],
[3259, 325, 220, 71500],
[3271, 319, 229, 73051],
[3299, 330, 225, 74250],
[3301, 327, 224, 73248],
[3307, 331, 226, 74806],
[3313, 323, 231, 74613],
[3319, 325, 235, 76375],
[3323, 333, 228, 75924],
[3329, 325, 233, 75725],
[3331, 334, 229, 76486],
[3343, 328, 238, 78064],
[3347, 336, 231, 77616],
[3359, 330, 240, 79200],
[3361, 329, 237, 77973],
[3371, 339, 234, 79326],
[3373, 336, 233, 78288],
[3389, 338, 235, 79430],
[3391, 334, 244, 81496],
[3407, 336, 246, 82656],
[3413, 341, 238, 81158],
[3433, 338, 246, 83148],
[3449, 340, 248, 84320],
[3457, 341, 249, 84909],
[3461, 347, 244, 84668],
[3463, 343, 253, 86779],
[3467, 351, 246, 86346],
[3469, 348, 245, 85260],
[3491, 354, 249, 88146],
[3499, 355, 250, 88750],
[3511, 349, 259, 90391],
[3517, 354, 251, 88854],
[3527, 351, 261, 91611],
[3529, 350, 258, 90300],
[3533, 356, 253, 90068],
[3539, 360, 255, 91800],
[3541, 357, 254, 90678],
[3547, 361, 256, 92416],
[3557, 341, 179, 61039],
[3559, 337, 188, 63356],
[3571, 346, 182, 62972],
[3581, 344, 182, 62608],
[3583, 340, 191, 64940],
[3593, 340, 189, 64260],
[3607, 343, 194, 66542],
[3613, 348, 186, 64728],
[3617, 343, 192, 65856],
[3623, 345, 196, 67620],
[3631, 346, 197, 68162],
[3637, 351, 189, 66339],
[3643, 355, 191, 67805],
[3659, 357, 193, 68901],
[3671, 351, 202, 70902],
[3673, 350, 199, 69650],
[3677, 356, 194, 69064],
[3691, 361, 197, 71117],
[3697, 353, 202, 71306],
[3701, 359, 197, 70723],
[3709, 360, 198, 71280],
[3719, 357, 208, 74256],
[3727, 358, 209, 74822],
[3733, 363, 201, 72963],
[3739, 367, 203, 74501],
[3761, 361, 210, 75810],
[3767, 363, 214, 77682],
[3769, 362, 211, 76382],
[3779, 372, 208, 77376],
[3793, 365, 214, 78110],
[3797, 371, 209, 77539],
[3803, 375, 211, 79125],
[3821, 374, 212, 79288],
[3823, 370, 221, 81770],
[3833, 370, 219, 81030],
[3847, 373, 224, 83552],
[3851, 381, 217, 82677],
[3853, 378, 216, 81648],
[3863, 375, 226, 84750],
[3877, 381, 219, 83439],
[3881, 376, 225, 84600],
[3889, 377, 226, 85202],
[3907, 388, 224, 86912],
[3911, 381, 232, 88392],
[3917, 386, 224, 86464],
[3919, 382, 233, 89006],
[3923, 390, 226, 88140],
[3929, 382, 231, 88242],
[3931, 391, 227, 88757],
[3943, 385, 236, 90860],
[3947, 393, 229, 89997],
[3967, 388, 239, 92732],
[3989, 395, 233, 92035],
[4001, 391, 240, 93840],
[4003, 400, 236, 94400],
[4007, 393, 244, 95892],
[4013, 398, 236, 93928],
[4019, 402, 238, 95676],
[4021, 399, 237, 94563],
[4027, 403, 239, 96317],
[4049, 397, 246, 97662],
[4051, 406, 242, 98252],
[4057, 398, 247, 98306],
[4073, 400, 249, 99600],
[4079, 402, 253, 101706],
[4091, 411, 247, 101517],
[4093, 408, 246, 100368],
[4099, 412, 248, 102176],
[4111, 406, 257, 104342],
[4127, 408, 259, 105672],
[4129, 407, 256, 104192],
[4133, 413, 251, 103663],
[4139, 417, 253, 105501],
[4153, 410, 259, 106190],
[4157, 416, 254, 105664],
[4159, 412, 263, 108356],
[4177, 336, 185, 62160],
[4201, 339, 188, 63732],
[4211, 349, 185, 64565],
[4217, 341, 190, 64790],
[4219, 350, 186, 65100],
[4229, 348, 186, 64728],
[4231, 344, 195, 67080],
[4241, 344, 193, 66392],
[4243, 353, 189, 66717],
[4253, 351, 189, 66339],
[4259, 355, 191, 67805],
[4261, 352, 190, 66880],
[4271, 349, 200, 69800],
[4273, 348, 197, 68556],
[4283, 358, 194, 69452],
[4289, 350, 199, 69650],
[4297, 351, 200, 70200],
[4327, 356, 207, 73692],
[4337, 356, 205, 72980],
[4339, 365, 201, 73365],
[4349, 363, 201, 72963],
[4357, 364, 202, 73528],
[4363, 368, 204, 75072],
[4373, 366, 204, 74664],
[4391, 364, 215, 78260],
[4397, 369, 207, 76383],
[4409, 365, 214, 78110],
[4421, 372, 210, 78120],
[4423, 368, 219, 80592],
[4441, 369, 218, 80442],
[4447, 371, 222, 82362],
[4451, 379, 215, 81485],
[4457, 371, 220, 81620],
[4463, 373, 224, 83552],
[4481, 374, 223, 83402],
[4483, 383, 219, 83877],
[4493, 381, 219, 83439],
[4507, 386, 222, 85692],
[4513, 378, 227, 85806],
[4517, 384, 222, 85248],
[4519, 380, 231, 87780],
[4523, 388, 224, 86912],
[4547, 391, 227, 88757],
[4549, 388, 226, 87688],
[4561, 384, 233, 89472],
[4567, 386, 237, 91482],
[4583, 388, 239, 92732],
[4591, 389, 240, 93360],
[4597, 394, 232, 91408],
[4603, 398, 234, 93132],
[4621, 397, 235, 93295],
[4637, 399, 237, 94563],
[4639, 395, 246, 97170],
[4643, 403, 239, 96317],
[4649, 395, 244, 96380],
[4651, 404, 240, 96960],
[4657, 396, 245, 97020],
[4663, 398, 249, 99102],
[4673, 398, 247, 98306],
[4679, 400, 251, 100400],
[4691, 409, 245, 100205],
[4703, 403, 254, 102362],
[4721, 404, 253, 102212],
[4723, 413, 249, 102837],
[4729, 405, 254, 102870],
[4733, 411, 249, 102339],
[4751, 409, 260, 106340],
[4759, 410, 261, 107010],
[4783, 336, 187, 62832],
[4787, 344, 180, 61920],
[4789, 341, 179, 61039],
[4793, 336, 185, 62160],
[4799, 338, 189, 63882],
[4801, 337, 186, 62682],
[4813, 344, 182, 62608],
[4817, 339, 188, 63732],
[4831, 342, 193, 66006],
[4861, 350, 188, 65800],
[4871, 347, 198, 68706],
[4877, 352, 190, 66880],
[4889, 348, 197, 68556],
[4903, 351, 202, 70902],
[4909, 356, 194, 69064],
[4919, 353, 204, 72012],
[4931, 362, 198, 71676],
[4933, 359, 197, 70723],
[4937, 354, 203, 71862],
[4943, 356, 207, 73692],
[4951, 357, 208, 74256],
[4957, 362, 200, 72400],
[4967, 359, 210, 75390],
[4969, 358, 207, 74106],
[4973, 364, 202, 73528],
[4987, 369, 205, 75645],
[4993, 361, 210, 75810],
[4999, 363, 214, 77682],
[5003, 371, 207, 76797],
[5009, 363, 212, 76956],
[5011, 372, 208, 77376],
[5021, 370, 208, 76960],
[5023, 366, 217, 79422],
[5039, 368, 219, 80592],
[5051, 377, 213, 80301],
[5059, 378, 214, 80892],
[5077, 377, 215, 81055],
[5081, 372, 221, 82212],
[5087, 374, 225, 84150],
[5099, 383, 219, 83877],
[5101, 380, 218, 82840],
[5107, 384, 220, 84480],
[5113, 376, 225, 84600],
[5119, 378, 229, 86562],
[5147, 389, 225, 87525],
[5153, 381, 230, 87630],
[5167, 384, 235, 90240],
[5171, 392, 228, 89376],
[5179, 393, 229, 89997],
[5189, 391, 229, 89539],
[5197, 392, 230, 90160],
[5209, 388, 237, 91956],
[5227, 399, 235, 93765],
[5231, 392, 243, 95256],
[5233, 391, 240, 93840],
[5237, 397, 235, 93295],
[5261, 400, 238, 95200],
[5273, 396, 245, 97020],
[5279, 398, 249, 99102],
[5281, 397, 246, 97662],
[5297, 399, 248, 98952],
[5303, 401, 252, 101052],
[5309, 406, 244, 99064],
[5323, 411, 247, 101517],
[5333, 409, 247, 101023],
[5347, 414, 250, 103500],
[5351, 407, 258, 105006],
[5381, 415, 253, 104995],
[5387, 419, 255, 106845],
[5393, 411, 260, 106860],
[5399, 336, 187, 62832],
[5407, 337, 188, 63356],
[5413, 342, 180, 61560],
[5417, 337, 186, 62682],
[5419, 346, 182, 62972],
[5431, 340, 191, 64940],
[5437, 345, 183, 63135],
[5441, 340, 189, 64260],
[5443, 349, 185, 64565],
[5449, 341, 190, 64790],
[5471, 345, 196, 67620],
[5477, 350, 188, 65800],
[5479, 346, 197, 68162],
[5483, 354, 190, 67260],
[5501, 353, 191, 67423],
[5503, 349, 200, 69800],
[5507, 357, 193, 68901],
[5519, 351, 202, 70902],
[5521, 350, 199, 69650],
[5527, 352, 203, 71456],
[5531, 360, 196, 70560],
[5557, 360, 198, 71280],
[5563, 364, 200, 72800],
[5569, 356, 205, 72980],
[5573, 362, 200, 72400],
[5581, 363, 201, 72963],
[5591, 360, 211, 75960],
[5623, 364, 215, 78260],
[5639, 366, 217, 79422],
[5641, 365, 214, 78110],
[5647, 367, 218, 80006],
[5651, 375, 211, 79125],
[5653, 372, 210, 78120],
[5657, 367, 216, 79272],
[5659, 376, 212, 79712],
[5669, 374, 212, 79288],
[5683, 379, 215, 81485],
[5689, 371, 220, 81620],
[5693, 377, 215, 81055],
[5701, 378, 216, 81648],
[5711, 375, 226, 84750],
[5717, 380, 218, 82840],
[5737, 377, 226, 85202],
[5741, 383, 221, 84643],
[5743, 379, 230, 87170],
[5749, 384, 222, 85248],
[5779, 391, 227, 88757],
[5783, 384, 235, 90240],
[5791, 385, 236, 90860],
[5801, 385, 234, 90090],
[5807, 387, 238, 92106],
[5813, 392, 230, 90160],
[5821, 393, 231, 90783],
[5827, 397, 233, 92501],
[5839, 391, 242, 94622],
[5843, 399, 235, 93765],
[5849, 391, 240, 93840],
[5851, 400, 236, 94400],
[5857, 392, 241, 94472],
[5861, 398, 236, 93928],
[5867, 402, 238, 95676],
[5869, 399, 237, 94563],
[5879, 396, 247, 97812],
[5881, 395, 244, 96380],
[5897, 397, 246, 97662],
[5903, 399, 250, 99750],
[5923, 409, 245, 100205],
[5927, 402, 253, 101706],
[5939, 411, 247, 101517],
[5953, 404, 253, 102212],
[5981, 413, 251, 103663],
[5987, 417, 253, 105501],
[6007, 412, 263, 108356],
[6011, 420, 256, 107520],
[6029, 401, 180, 72180],
[6037, 402, 181, 72762],
[6043, 406, 183, 74298],
[6047, 399, 191, 76209],
[6053, 404, 183, 73932],
[6067, 409, 186, 76074],
[6073, 401, 191, 76591],
[6079, 403, 195, 78585],
[6089, 403, 193, 77779],
[6091, 412, 189, 77868],
[6101, 410, 189, 77490],
[6113, 406, 196, 79576],
[6121, 407, 197, 80179],
[6131, 417, 194, 80898],
[6133, 414, 193, 79902],
[6143, 411, 203, 83433],
[6151, 412, 204, 84048],
[6163, 421, 198, 83358],
[6173, 419, 198, 82962],
[6197, 422, 201, 84822],
[6199, 418, 210, 87780],
[6203, 426, 203, 86478],
[6211, 427, 204, 87108],
[6217, 419, 209, 87571],
[6221, 425, 204, 86700],
[6229, 426, 205, 87330],
[6247, 424, 216, 91584],
[6257, 424, 214, 90736],
[6263, 426, 218, 92868],
[6269, 431, 210, 90510],
[6271, 427, 219, 93513],
[6277, 432, 211, 91152],
[6287, 429, 221, 94809],
[6299, 438, 215, 94170],
[6301, 435, 214, 93090],
[6311, 432, 224, 96768],
[6317, 437, 216, 94392],
[6323, 441, 218, 96138],
[6329, 433, 223, 96559],
[6337, 434, 224, 97216],
[6343, 436, 228, 99408],
[6353, 436, 226, 98536],
[6359, 438, 230, 100740],
[6361, 437, 227, 99199],
[6367, 439, 231, 101409],
[6373, 444, 223, 99012],
[6379, 448, 225, 100800],
[6389, 446, 225, 100350],
[6397, 447, 226, 101022],
[6421, 450, 229, 103050],
[6427, 454, 231, 104874],
[6449, 448, 238, 106624],
[6451, 457, 234, 106938],
[6469, 456, 235, 107160],
[6473, 451, 241, 108691],
[6481, 452, 242, 109384],
[6491, 462, 239, 110418],
[6521, 457, 247, 112879],
[6529, 458, 248, 113584],
[6547, 469, 246, 115374],
[6551, 462, 254, 117348],
[6553, 461, 251, 115711],
[6563, 471, 248, 116808],
[6569, 463, 253, 117139],
[6571, 472, 249, 117528],
[6577, 464, 254, 117856],
[6581, 470, 249, 117030],
[6599, 468, 260, 121680],
[6607, 469, 261, 122409],
[6619, 478, 255, 121890],
[6637, 400, 179, 71600],
[6653, 402, 181, 72762],
[6659, 406, 183, 74298],
[6661, 403, 182, 73346],
[6673, 399, 189, 75411],
[6679, 401, 193, 77393],
[6689, 401, 191, 76591],
[6691, 410, 187, 76670],
[6701, 408, 187, 76296],
[6703, 404, 196, 79184],
[6709, 409, 188, 76892],
[6719, 406, 198, 80388],
[6733, 412, 191, 78692],
[6737, 407, 197, 80179],
[6761, 410, 200, 82000],
[6763, 419, 196, 82124],
[6779, 421, 198, 83358],
[6781, 418, 197, 82346],
[6791, 415, 207, 85905],
[6793, 414, 204, 84456],
[6803, 424, 201, 85224],
[6823, 419, 211, 88409],
[6827, 427, 204, 87108],
[6829, 424, 203, 86072],
[6833, 419, 209, 87571],
[6841, 420, 210, 88200],
[6857, 422, 212, 89464],
[6863, 424, 216, 91584],
[6869, 429, 208, 89232],
[6871, 425, 217, 92225],
[6883, 434, 211, 91574],
[6899, 436, 213, 92868],
[6907, 437, 214, 93518],
[6911, 430, 222, 95460],
[6917, 435, 214, 93090],
[6947, 442, 219, 96798],
[6949, 439, 218, 95702],
[6959, 436, 228, 99408],
[6961, 435, 225, 97875],
[6967, 437, 229, 100073],
[6971, 445, 222, 98790],
[6977, 437, 227, 99199],
[6983, 439, 231, 101409],
[6991, 440, 232, 102080],
[6997, 445, 224, 99680],
[7001, 440, 230, 101200],
[7013, 447, 226, 101022],
[7019, 451, 228, 102828],
[7027, 452, 229, 103508],
[7039, 446, 238, 106148],
[7043, 454, 231, 104874],
[7057, 447, 237, 105939],
[7069, 454, 233, 105782],
[7079, 451, 243, 109593],
[7103, 454, 246, 111684],
[7109, 459, 238, 109242],
[7121, 455, 245, 111475],
[7127, 457, 249, 113793],
[7129, 456, 246, 112176],
[7151, 460, 252, 115920],
[7159, 461, 253, 116633],
[7177, 462, 252, 116424],
[7187, 472, 249, 117528],
[7193, 464, 254, 117856],
[7207, 467, 259, 120953],
[7211, 475, 252, 119700],
[7213, 472, 251, 118472],
[7219, 476, 253, 120428],
[7229, 474, 253, 119922],
[7237, 475, 254, 120650],
[7243, 479, 256, 122624],
[7247, 395, 187, 73865],
[7253, 400, 179, 71600],
[7283, 407, 184, 74888],
[7297, 400, 190, 76000],
[7307, 410, 187, 76670],
[7309, 407, 186, 75702],
[7321, 403, 193, 77779],
[7331, 413, 190, 78470],
[7333, 410, 189, 77490],
[7349, 412, 191, 78692],
[7351, 408, 200, 81600],
[7369, 409, 199, 81391],
[7393, 412, 202, 83224],
[7411, 423, 200, 84600],
[7417, 415, 205, 85075],
[7433, 417, 207, 86319],
[7451, 428, 205, 87740],
[7457, 420, 210, 88200],
[7459, 429, 206, 88374],
[7477, 428, 207, 88596],
[7481, 423, 213, 90099],
[7487, 425, 217, 92225],
[7489, 424, 214, 90736],
[7499, 434, 211, 91574],
[7507, 435, 212, 92220],
[7517, 433, 212, 91796],
[7523, 437, 214, 93518],
[7529, 429, 219, 93951],
[7537, 430, 220, 94600],
[7541, 436, 215, 93740],
[7547, 440, 217, 95480],
[7549, 437, 216, 94392],
[7559, 434, 226, 98084],
[7561, 433, 223, 96559],
[7573, 440, 219, 96360],
[7577, 435, 225, 97875],
[7583, 437, 229, 100073],
[7589, 442, 221, 97682],
[7591, 438, 230, 100740],
[7603, 447, 224, 100128],
[7607, 440, 232, 102080],
[7621, 446, 225, 100350],
[7639, 444, 236, 104784],
[7643, 452, 229, 103508],
[7649, 444, 234, 103896],
[7669, 452, 231, 104412],
[7673, 447, 237, 105939],
[7681, 448, 238, 106624],
[7687, 450, 242, 108900],
[7691, 458, 235, 107630],
[7699, 459, 236, 108324],
[7703, 452, 244, 110288],
[7717, 458, 237, 108546],
[7723, 462, 239, 110418],
[7727, 455, 247, 112385],
[7741, 461, 240, 110640],
[7753, 457, 247, 112879],
[7757, 463, 242, 112046],
[7759, 459, 251, 115209],
[7789, 467, 246, 114882],
[7793, 462, 252, 116424],
[7817, 465, 255, 118575],
[7823, 467, 259, 120953],
[7829, 472, 251, 118472],
[7841, 468, 258, 120744],
[7853, 475, 254, 120650],
[7867, 403, 180, 72540],
[7873, 395, 185, 73075],
[7877, 401, 180, 72180],
[7879, 397, 189, 75033],
[7883, 405, 182, 73710],
[7901, 404, 183, 73932],
[7907, 408, 185, 75480],
[7919, 402, 194, 77988],
[7927, 403, 195, 78585],
[7933, 408, 187, 76296],
[7937, 403, 193, 77779],
[7949, 410, 189, 77490],
[7951, 406, 198, 80388],
[7963, 415, 192, 79680],
[7993, 410, 200, 82000],
[8009, 412, 202, 83224],
[8011, 421, 198, 83358],
[8017, 413, 203, 83839],
[8039, 417, 209, 87153],
[8053, 423, 202, 85446],
[8059, 427, 204, 87108],
[8069, 425, 204, 86700],
[8081, 421, 211, 88831],
[8087, 423, 215, 90945],
[8089, 422, 212, 89464],
[8093, 428, 207, 88596],
[8101, 429, 208, 89232],
[8111, 426, 218, 92868],
[8117, 431, 210, 90510],
[8123, 435, 212, 92220],
[8147, 438, 215, 94170],
[8161, 431, 221, 95251],
[8167, 433, 225, 97425],
[8171, 441, 218, 96138],
[8179, 442, 219, 96798],
[8191, 436, 228, 99408],
[8209, 437, 227, 99199],
[8219, 447, 224, 100128],
[8221, 444, 223, 99012],
[8231, 441, 233, 102753],
[8233, 440, 230, 101200],
[8237, 446, 225, 100350],
[8243, 450, 227, 102150],
[8263, 445, 237, 105465],
[8269, 450, 229, 103050],
[8273, 445, 235, 104575],
[8287, 448, 240, 107520],
[8291, 456, 233, 106248],
[8293, 453, 232, 105096],
[8297, 448, 238, 106624],
[8311, 451, 243, 109593],
[8317, 456, 235, 107160],
[8329, 452, 242, 109384],
[8353, 455, 245, 111475],
[8363, 465, 242, 112530],
[8369, 457, 247, 112879],
[8377, 458, 248, 113584],
[8387, 468, 245, 114660],
[8389, 465, 244, 113460],
[8419, 472, 249, 117528],
[8423, 465, 257, 119505],
[8429, 470, 249, 117030],
[8431, 466, 258, 120228],
[8443, 475, 252, 119700],
[8447, 468, 260, 121680],
[8461, 474, 253, 119922],
[8467, 478, 255, 121890],
[8501, 402, 181, 72762],
[8513, 398, 188, 74824],
[8521, 399, 189, 75411],
[8527, 401, 193, 77393],
[8537, 401, 191, 76591],
[8539, 410, 187, 76670],
[8543, 403, 195, 78585],
[8563, 413, 190, 78470],
[8573, 411, 190, 78090],
[8581, 412, 191, 78692],
[8597, 414, 193, 79902],
[8599, 410, 202, 82820],
[8609, 410, 200, 82000],
[8623, 413, 205, 84665],
[8627, 421, 198, 83358],
[8629, 418, 197, 82346],
[8641, 414, 204, 84456],
[8647, 416, 208, 86528],
[8663, 418, 210, 87780],
[8669, 423, 202, 85446],
[8677, 424, 203, 86072],
[8681, 419, 209, 87571],
[8689, 420, 210, 88200],
[8693, 426, 205, 87330],
[8699, 430, 207, 89010],
[8707, 431, 208, 89648],
[8713, 423, 213, 90099],
[8719, 425, 217, 92225],
[8731, 434, 211, 91574],
[8737, 426, 216, 92016],
[8741, 432, 211, 91152],
[8747, 436, 213, 92868],
[8753, 428, 218, 93304],
[8761, 429, 219, 93951],
[8779, 440, 217, 95480],
[8783, 433, 225, 97425],
[8803, 443, 220, 97460],
[8807, 436, 228, 99408],
[8819, 445, 222, 98790],
[8821, 442, 221, 97682],
[8831, 439, 231, 101409],
[8837, 444, 223, 99012],
[8839, 440, 232, 102080],
[8849, 440, 230, 101200],
[8861, 447, 226, 101022],
[8863, 443, 235, 104105],
[8867, 451, 228, 102828],
[8887, 446, 238, 106148],
[8893, 451, 230, 103730],
[8923, 458, 235, 107630],
[8929, 450, 240, 108000],
[8933, 456, 235, 107160],
[8941, 457, 236, 107852],
[8951, 454, 246, 111684],
[8963, 463, 240, 111120],
[8969, 455, 245, 111475],
[8971, 464, 241, 111824],
[8999, 460, 252, 115920],
[9001, 459, 249, 114291],
[9007, 461, 253, 116633],
[9011, 469, 246, 115374],
[9013, 466, 245, 114170],
[9029, 468, 247, 115596],
[9041, 464, 254, 117856],
[9043, 473, 250, 118250],
[9049, 465, 255, 118575],
[9059, 475, 252, 119700],
[9067, 476, 253, 120428],
[9091, 479, 256, 122624],
[9103, 396, 188, 74448],
[9109, 401, 180, 72180],
[9127, 399, 191, 76209],
[9133, 404, 183, 73932],
[9137, 399, 189, 75411],
[9151, 402, 194, 77988],
[9157, 407, 186, 75702],
[9161, 402, 192, 77184],
[9173, 409, 188, 76892],
[9181, 410, 189, 77490],
[9187, 414, 191, 79074],
[9199, 408, 200, 81600],
[9203, 416, 193, 80288],
[9209, 408, 198, 80784],
[9221, 415, 194, 80510],
[9227, 419, 196, 82124],
[9239, 413, 205, 84665],
[9241, 412, 202, 83224],
[9257, 414, 204, 84456],
[9277, 422, 201, 84822],
[9281, 417, 207, 86319],
[9283, 426, 203, 86478],
[9293, 424, 203, 86072],
[9311, 422, 214, 90308],
[9319, 423, 215, 90945],
[9323, 431, 208, 89648],
[9337, 424, 214, 90736],
[9341, 430, 209, 89870],
[9343, 426, 218, 92868],
[9349, 431, 210, 90510],
[9371, 437, 214, 93518],
[9377, 429, 219, 93951],
[9391, 432, 224, 96768],
[9397, 437, 216, 94392],
[9403, 441, 218, 96138],
[9413, 439, 218, 95702],
[9419, 443, 220, 97460],
[9421, 440, 219, 96360],
[9431, 437, 229, 100073],
[9433, 436, 226, 98536],
[9437, 442, 221, 97682],
[9439, 438, 230, 100740],
[9461, 445, 224, 99680],
[9463, 441, 233, 102753],
[9467, 449, 226, 101474],
[9473, 441, 231, 101871],
[9479, 443, 235, 104105],
[9491, 452, 229, 103508],
[9497, 444, 234, 103896],
[9511, 447, 239, 106833],
[9521, 447, 237, 105939],
[9533, 454, 233, 105782],
[9539, 458, 235, 107630],
[9547, 459, 236, 108324],
[9551, 452, 244, 110288],
[9587, 464, 241, 111824],
[9601, 457, 247, 112879],
[9613, 464, 243, 112752],
[9619, 468, 245, 114660],
[9623, 461, 253, 116633],
[9629, 466, 245, 114170],
[9631, 462, 254, 117348],
[9643, 471, 248, 116808],
[9649, 463, 253, 117139],
[9661, 470, 249, 117030],
[9677, 472, 251, 118472],
[9679, 468, 260, 121680],
[9689, 468, 258, 120744],
[9697, 469, 259, 121471],
[9719, 396, 188, 74448],
[9721, 395, 185, 73075],
[9733, 402, 181, 72762],
[9739, 406, 183, 74298],
[9743, 399, 191, 76209],
[9749, 404, 183, 73932],
[9767, 402, 194, 77988],
[9769, 401, 191, 76591],
[9781, 408, 187, 76296],
[9787, 412, 189, 77868],
[9791, 405, 197, 79785],
[9803, 414, 191, 79074],
[9811, 415, 192, 79680],
[9817, 407, 197, 80179],
[9829, 414, 193, 79902],
[9833, 409, 199, 81391],
[9839, 411, 203, 83433],
[9851, 420, 197, 82740],
[9857, 412, 202, 83224],
[9859, 421, 198, 83358],
[9871, 415, 207, 85905],
[9883, 424, 201, 85224],
[9887, 417, 209, 87153],
[9901, 423, 202, 85446],
[9907, 427, 204, 87108],
[9923, 429, 206, 88374],
[9929, 421, 211, 88831],
[9931, 430, 207, 89010],
[9941, 428, 207, 88596],
[9949, 429, 208, 89232],
[9967, 427, 219, 93513],
[9973, 432, 211, 91152]
]